29
34
30
30
28
25
18
12
13
10
7
7
6
6
5
5
10
17
21
26
28
49
49
41
41
45
47
47
49
53
56
61
63
63
63
73
70
75
76
79
87
89
93
94
99
100
104
105
108
108
114
115
122
124
125
125
124
126
131
139
149
161
178
195
212
251
292
329
343
328
327
322
317
307
306
305
303
297
274
233
201
183
172
156
148
143
142
137
128
121
116
114
102
91
84
83
75
75
77
93
98
126
132
138
144
144
135
116
107
104
100
94
94
85
85
91
101
107
115
126
134
140
142
147
149
152
152
152
152
152
152
152
152
152
151
138
133
124
116
114
108
112
116
124
140
153
176
190
201
211
228
241
257
270
289
307
332
335
362
391
420
442
437
402
419
411
400
402
418
418
418
416
416
416
401
401
418
417
419
401
401
400
419
418
417
401
400
401
419
417
418
416
417
419
413
429
432
434
436
436
438
425
411
413
417
418
400
401
402
401
401
415
413
412
429
422
435
433
432
430
420
410
419
402
400
415
412
420
437
430
443
428
417
404
389
380
398
414
443
445
422
401
423
436
430
443
443
436
430
424
408
396
390
384
372
348
348
327
328
331
335
336
344
348
343
340
334
330
321
313
309
303
300
301
301
306
310
315
321
326
329
331
337
344
345
347
349
347
344
339
337
330
323
316
312
308
308
305
304
302
303
304
306
307
309
311
314
320
327
334
339
341
347
348
349
348
346
346
340
335
331
322
310
300
300
298
295
288
281
270
291
304
308
313
315
319
329
336
340
348
357
362
364
368
361
348
329
311
290
258
228
194
155
134
118
68
44
27
16
16
15
17
22
36
41
47
64
95
116
126
125
84
74
68
63
49
40
40
58
91
74
51
44
30
31
37
44
44
43
44
36
35
34
35
38
39
40
41
43
42
41
39
39
39
39
40
41
38
39
40
41
41
41
38
37
36
37
36
34
34
33
31
30
29
28
28
26
26
24
22
18
17
17
15
14
13
11
7
10
11
12
14
14
28
31
38
43
50
50
56
60
65
73
85
94
96
108
122
121
116
114
105
96
101
104
104
133
134
146
149
152
151
152
151
151
151
153
151
149
149
141
134
124
122
115
106
97
87
87
87
87
87
88
89
94
138
176
229
296
327
355
363
404
433
432
439
428
415
419
419
400
418
417
418
419
419
419
419
419
418
400
400
400
400
400
400
400
401
400
400
419
418
417
418
416
439
443
408
348
349
348
347
347
348
339
279
275
276
279
278
276
274
272
271
266
244
225
171
151
146
152
151
151
149
148
149
150
150
149
152
154
154
148
146
147
151
153
154
150
152
168
194
231
260
286
306
337
352
348
330
313
296
275
272
164
268
230
205
190
224
256
295
310
326
331
328
318
305
302
302
306
308
306
305
306
307
307
306
304
305
305
306
306
306
306
303
303
305
308
305
301
303
305
305
307
305
305
304
302
303
304
308
310
308
303
303
303
303
308
307
307
308
308
307
311
352
350
348
346
346
348
348
345
344
347
348
347
347
347
347
347
346
347
348
347
346
347
346
340
336
330
314
308
304
303
302
299
295
289
275
218
195
171
159
148
150
150
151
153
152
152
142
128
157
152
151
129
125
127
127
128
127
130
130
130
137
163
153
153
153
151
151
150
153
151
154
153
153
153
154
151
152
151
147
137
125
124
126
126
128
129
130
129
130
149
151
155
154
151
152
151
151
152
152
152
151
150
151
149
148
148
148
148
149
150
152
152
154
152
153
153
152
152
151
151
148
151
150
148
148
148
149
148
151
149
150
149
150
150
148
147
145
143
143
143
144
144
144
145
140
137
131
129
128
125
120
111
95
89
78
69
76
86
102
120
140
153
153
148
149
153
151
150
149
151
151
153
154
152
151
151
150
157
157
154
153
152
155
168
181
187
216
224
231
235
253
280
294
306
321
341
365
364
402
430
439
449
446
437
428
418
402
402
402
402
403
401
400
401
402
402
402
401
402
403
402
401
402
402
401
402
419
419
419
400
400
418
418
416
414
415
417
414
415
417
418
400
402
400
400
401
418
417
416
418
400
419
417
416
414
414
415
419
401
400
400
401
401
400
400
400
417
402
404
400
404
419
400
417
428
420
431
444
445
438
410
411
428
412
413
413
414
423
437
432
448
441
442
434
430
428
427
434
437
437
438
436
438
444
448
443
447
431
447
442
444
435
435
438
437
438
439
439
437
437
437
436
438
438
437
437
436
440
437
437
433
436
437
436
436
436
435
436
437
437
436
435
436
436
436
437
436
433
437
437
440
436
437
437
438
438
436
437
437
437
439
439
438
437
438
435
435
444
442
447
431
447
443
448
444
438
436
438
437
437
434
427
428
430
434
442
441
448
432
437
423
414
413
413
412
428
411
410
438
445
444
431
420
428
417
400
419
404
400
404
402
417
400
400
400
401
401
400
400
401
419
415
414
414
416
417
419
400
418
416
417
418
401
400
400
402
400
418
417
415
414
417
415
414
416
418
418
400
400
419
419
419
402
401
402
402
401
402
403
402
401
402
402
402
401
400
401
403
402
402
402
402
418
428
437
446
449
439
430
402
364
365
341
321
306
294
280
253
235
231
224
216
187
181
168
155
152
153
154
157
157
150
151
151
152
154
153
151
151
149
150
151
153
149
148
153
153
140
120
102
86
76
69
78
89
95
111
120
125
128
129
131
137
140
145
144
144
144
143
143
143
145
147
148
150
150
149
150
149
151
148
149
148
148
148
150
151
148
151
151
152
152
153
153
152
154
152
152
150
149
148
148
148
148
149
151
150
151
152
152
152
151
151
152
151
154
155
151
149
130
129
130
129
128
126
126
124
125
137
147
151
152
151
154
153
153
153
154
151
153
150
151
151
153
153
153
163
137
130
130
130
127
128
127
127
125
129
151
152
157
128
142
152
152
153
151
150
150
148
159
171
195
218
275
289
295
299
302
303
304
308
314
330
336
340
346
347
346
347
348
347
346
347
347
347
347
347
348
347
344
345
348
348
346
346
348
350
352
311
307
308
308
307
307
308
303
303
303
303
308
310
308
304
303
302
304
305
305
307
305
305
303
301
305
308
305
303
303
306
306
306
306
305
305
304
306
307
307
306
305
306
308
306
302
302
305
318
328
331
326
310
295
256
224
190
205
230
268
164
272
275
296
313
330
348
352
337
306
286
260
231
194
168
152
150
154
153
151
147
146
148
154
154
152
149
150
150
149
148
149
151
151
152
146
151
171
225
244
266
271
272
274
276
278
279
276
275
279
339
348
347
347
348
349
348
408
443
439
416
418
417
418
419
400
400
401
400
400
400
400
400
400
400
418
419
419
419
419
419
418
417
418
400
419
419
415
428
439
432
433
404
363
355
327
296
229
176
138
94
89
88
87
87
87
87
87
97
106
115
122
124
134
141
149
149
151
153
151
151
151
152
151
152
149
146
134
133
104
104
101
96
105
114
116
121
122
108
96
94
85
73
65
60
56
50
50
43
38
31
28
14
14
12
11
10
7
11
13
14
15
17
17
18
22
24
26
26
28
28
29
30
31
33
34
34
36
37
36
37
38
41
41
41
40
39
38
41
40
39
39
39
39
41
42
43
41
40
39
38
35
34
35
36
44
43
44
44
37
31
30
44
51
74
91
58
40
40
49
63
68
74
84
125
126
116
95
64
47
41
36
22
17
15
16
16
27
44
68
118
134
155
194
228
258
290
311
329
348
361
368
364
362
357
348
340
336
329
319
315
313
308
304
291
270
281
288
295
298
300
300
310
322
331
335
340
346
346
348
349
348
347
341
339
334
327
320
314
311
309
307
306
304
303
302
304
305
308
308
312
316
323
330
337
339
344
347
349
347
345
344
337
331
329
326
321
315
310
306
301
301
300
303
309
313
321
330
334
340
343
348
344
336
335
331
328
327
348
348
372
384
390
396
408
424
430
436
443
443
430
436
423
401
422
445
443
414
398
380
389
404
417
428
443
430
437
420
412
415
400
402
419
410
420
430
432
433
435
422
429
412
413
415
401
401
402
401
400
418
417
413
411
425
438
436
436
434
432
429
413
419
417
416
418
417
419
401
400
401
417
418
419
400
401
401
419
417
418
401
401
416
416
416
418
418
418
402
400
411
419
402
437
442
420
391
362
335
332
307
289
270
257
241
228
211
201
190
176
153
140
124
116
112
108
114
116
124
133
138
151
152
152
152
152
152
152
152
152
152
149
147
142
140
134
126
115
107
101
91
85
85
94
94
100
104
107
116
135
144
144
138
132
126
98
93
77
75
75
83
84
91
102
114
116
121
128
137
142
143
148
156
172
183
201
233
274
297
303
305
306
307
317
322
327
328
343
329
292
251
212
195
178
161
149
139
131
126
124
125
125
124
122
115
114
108
108
105
104
100
99
94
93
89
87
79
76
75
70
73
63
63
63
61
56
53
49
47
47
44
41
41
49
49
28
26
21
17
10
5
5
6
6
7
7
10
13
12
18
25
28
30
30
34
29
