8
10
17
20
24
27
28
37
42
45
50
65
69
77
80
90
88
83
79
77
73
71
65
64
61
59
62
63
70
73
75
80
89
100
111
116
125
137
142
142
143
143
169
173
182
193
198
208
219
223
230
234
239
254
267
279
283
288
289
296
299
298
285
280
275
270
267
272
276
283
287
280
274
269
265
257
249
245
238
229
212
214
207
204
199
194
177
170
167
164
160
169
172
170
174
181
191
204
206
208
198
191
185
182
168
160
153
143
133
122
110
98
90
81
69
55
41
33
31
31
30
37
55
64
86
110
133
126
143
149
154
164
164
185
205
215
218
220
226
233
238
250
262
274
283
304
333
360
390
411
431
449
433
414
409
408
409
412
421
436
439
439
449
446
441
439
431
419
420
432
437
442
446
447
442
426
395
372
354
338
332
355
406
423
431
435
445
428
429
427
425
424
424
426
428
431
435
438
442
444
449
449
444
439
435
431
427
426
424
414
408
404
401
397
390
385
385
376
373
372
371
372
371
372
371
369
370
370
367
365
364
365
361
361
360
359
356
353
349
350
349
349
349
349
348
347
346
345
344
346
344
345
344
342
341
341
334
330
332
331
333
333
330
330
330
330
328
326
326
325
323
323
322
319
319
319
317
314
314
317
315
314
311
315
316
317
321
320
317
315
306
300
296
291
291
288
283
282
280
275
267
262
252
252
237
225
212
183
163
156
142
125
85
67
55
41
36
66
98
141
174
206
215
236
252
259
249
226
210
192
159
122
102
59
60
106
132
154
176
186
217
246
319
330
351
368
401
448
437
420
403
373
341
309
264
214
130
104
103
124
128
132
130
125
122
123
127
125
118
116
111
110
105
97
96
95
95
105
104
109
112
112
111
117
117
111
103
97
97
92
89
84
84
79
81
85
86
103
107
108
108
106
97
94
92
86
83
81
75
68
63
67
77
80
75
67
52
45
42
35
29
29
30
32
32
40
34
33
31
31
32
28
26
25
24
20
16
15
15
13
11
11
9
7
5
3
3
