0
23
23
22
20
17
14
14
17
20
26
28
31
35
36
40
44
45
51
53
57
60
64
64
67
70
71
69
66
65
62
60
58
54
53
51
51
52
52
51
49
49
48
46
45
45
45
44
42
40
37
35
33
30
24
25
30
32
28
26
24
23
21
20
18
17
17
16
14
12
11
9
8
7
5
5
6
7
7
6
7
7
8
11
7
7
7
5
8
10
10
12
14
12
10
9
9
11
15
15
19
21
21
17
14
11
11
8
11
11
15
17
20
22
24
32
34
39
47
54
60
74
81
85
94
95
91
92
93
95
90
89
89
89
93
94
95
95
94
95
97
99
93
86
81
78
76
72
63
58
52
52
44
43
56
61
60
55
49
51
57
57
57
56
56
54
52
52
54
57
57
57
57
55
55
54
55
61
59
60
66
68
74
79
80
84
90
91
98
97
99
93
94
95
95
97
99
100
99
97
97
95
93
97
95
94
93
98
95
90
87
86
85
84
87
89
92
94
95
95
96
95
94
80
66
59
54
57
69
66
67
64
61
59
64
65
64
65
72
69
66
67
67
67
67
68
68
69
69
67
66
66
66
66
70
71
69
69
69
68
68
70
72
70
69
69
68
67
70
71
71
69
69
68
68
68
70
71
70
69
