Oval 292 75 172 315 0 255 0
Line 296 284 329 277 255 0 51
Line 329 280 344 253 255 0 51
Oval 311 196 33 15 255 255 255
Oval 302 193 54 30 255 255 255
Oval 314 195 21 26 51 51 255
Line 308 184 308 199 153 80 0
Line 314 184 317 193 153 80 0
Line 323 184 323 193 153 80 0
Line 335 184 329 196 153 80 0
Line 347 187 338 196 153 80 0
Line 353 190 350 196 153 80 0
Rectangle 302 172 48 9 153 80 0
Oval 318 205 10 10 0 0 0
Oval 392 212 30 41 0 255 0
Line 328 81 327 140 116 72 15
Line 356 74 356 114 116 72 15
Line 379 71 369 102 116 72 15
Line 388 76 389 165 116 72 15
Line 424 97 420 122 116 72 15
Line 412 139 409 150 116 72 15
Line 439 130 426 166 116 72 15
Line 450 148 428 181 116 72 15
Line 442 146 435 183 116 72 15
Line 455 142 416 201 116 72 15
Line 424 113 422 133 116 72 15
Line 425 125 420 161 116 72 15
Line 430 128 402 165 116 72 15
Line 421 88 388 142 116 72 15
Line 418 112 405 126 116 72 15
Line 401 64 389 109 116 72 15
Line 389 76 378 126 116 72 15
Line 357 68 365 110 116 72 15
Line 349 74 358 126 116 72 15
Line 327 82 341 122 116 72 15
Line 312 90 343 130 116 72 15
Line 343 71 341 125 116 72 15
Line 407 82 397 120 116 72 15
Line 418 119 414 139 116 72 15
Rectangle 280 217 13 56 0 255 0
